       0.000000       0.003696       0.002869       0.008572
       0.000000       0.000180       0.000126       0.008560
       0.000000       0.000180       0.000126       0.005530
       0.000000       0.049005       0.036415       0.007797
       0.000000       0.000006       0.000004       0.005529
       0.000000       0.003696       0.002869       0.005542
       0.000000       0.003696       0.002869       0.005542
       0.000000       0.003696       0.002869       0.005790
       0.000000       0.003696       0.002869       0.007703
       0.000000       0.000180       0.000126       0.005530
       0.000000       0.000000       0.000000       0.005587
       0.000000       0.000000       0.000000       0.000000
       0.000000       0.000000       0.000000       0.002530
       0.000000       0.000000       0.000000       0.000471
       0.000000       0.000000       0.000000       0.001171
       0.000000       0.000000       0.000000       0.013437
       0.000000       0.000000       0.000000       0.007916
       0.000000       0.000000       0.000000       0.000000
       0.000000       0.003696       0.002869       0.004215
       0.000000       0.000180       0.000126       0.004231
       0.000000       0.000006       0.000004       0.004232
       0.000000       0.000001       0.000000       0.000000
       0.000000       0.000180       0.000126       0.067583
